4096
0.0
0.6743124640650028
0.9281532469423418
0.8155656773333176
0.7045627829824294
0.765875968825458
0.84454059385646
0.8024932075415601
0.7357032767475162
0.7681191265151507
0.8315691434747594
0.8045209839655497
0.738426826502468
0.7625463577544903
0.8382187348379346
0.8150881869640412
0.7172500634581304
0.7422879977536667
0.89833926566016
0.8580541525181599
0.3573504107070891
-0.3851351806625911
-0.8680766787716675
-0.8930999622870799
-0.7375371798653606
-0.7200478935557922
-0.8185160826595534
-0.8363219882207229
-0.7596127986847007
-0.739874010620137
-0.8073199714552975
-0.8303769491915798
-0.7651960411244291
-0.7367453764309286
-0.8058443695643561
-0.8435787826514878
-0.7615435249936663
-0.7055101043886733
-0.8224465073911438
-0.9270842775027087
-0.6538745388279429
0.030673263552485876
0.6939995713963887
0.9285861895025849
0.808723055381626
0.7039455700533501
0.7702304070895942
0.8452677399865881
0.7990987027851395
0.7348545200455321
0.7711010695837147
0.8325853888590309
0.8016453058872607
0.7371538499974366
0.7655832311219806
0.839927330860799
0.8115085463668038
0.7146788227314144
0.747306168338327
0.9032569046596262
0.8472162759576204
0.3291320828907155
-0.41245463538952454
-0.8772890906030474
-0.887567863430318
-0.7330657807616331
-0.7230586220728001
-0.8217811775392259
-0.8342456170289119
-0.7567928899848904
-0.7414894352551589
-0.8100319532292946
-0.8290131632878358
-0.762342860109062
-0.7379777864759927
-0.8091393680470331
-0.8423836916988636
-0.757249606998769
-0.7067898142183869
-0.829340546865647
-0.9253579409624667
-0.6327017646997114
0.061308430687840886
0.7129214734028625
0.9284054442515758
0.8019429025200507
0.703655079862519
0.7745904395283689
0.845759691197835
0.795673747798977
0.7342014231686351
0.7741306352338224
0.8334219722590688
0.7987035473025125
0.736060432394413
0.7687126487307202
0.8414398655973319
0.8077888868072147
0.7123472606080827
0.7525784441643891
0.9078241494205477
0.8355594038753366
0.30051290182773627
-0.4392780324119379
-0.8856981891594705
-0.8817719024093466
-0.7288846700436427
-0.7262680102097607
-0.824873116676035
-0.8319987280710577
-0.7540964995153989
-0.743266540757153
-0.812646945549876
-0.8274827719607394
-0.7595704018428041
-0.7393967661868843
-0.8123654997505283
-0.8409575647687895
-0.7530108223798332
-0.708403060878963
-0.8362221157351044
-0.9229539585759291
-0.6108116650077204
0.09186748901345017
0.7310653875411457
0.9276342843780391
0.7952486882383278
0.7036868495908627
0.778939851021372
0.8460167673249882
0.7922312609477332
0.733745581996226
0.7771964404648124
0.8340758377949282
0.7957065757318331
0.735151288001555
0.7719234424463642
0.8427490763709784
0.8039415707553457
0.7102678119678327
0.7580904150798715
0.9120124839931237
0.8230815032750414
0.27152644929174674
-0.46557570917659497
-0.893312311665421
-0.875741002874173
-0.7250035092697964
-0.7296613262556225
-0.8277822744811831
-0.8295909726800824
-0.7515329944828044
-0.7451982001618286
-0.815155331298361
-0.8257913728418874
-0.756889217158004
-0.7409978769870292
-0.8155102247530829
-0.8393035041591504
-0.7488437989391445
-0.7103498385597675
-0.8430649114635035
-0.9198531734243756
-0.5882232861688543
0.12231259396805784
0.7484201553733429
0.9262968505518406
0.7886630394591838
0.7040353709085319
0.7832626643951758
0.8460401292724931
0.7887841408065329
0.7334878687754849
0.7802869952959749
0.8345445974987955
0.7926654776633104
0.7344304751244527
0.7752040835280131
0.8438483792365216
0.7999795612711819
0.7084522061122773
0.763826530429189
0.9157936813239447
0.8097821709951989
0.24220711186528546
-0.4913191453048864
-0.9001412985534265
-0.8695040054022238
-0.7214307439695198
-0.7332234014134043
-0.8304997803751549
-0.8270325088540631
-0.7491112108851876
-0.7472767463309573
-0.8175478938799247
-0.8239451553613586
-0.7543095509710401
-0.7427759950846353
-0.8185612119259422
-0.8374254678832327
-0.7447651281786616
-0.7126289677128049
-0.8498420701159095
-0.9160376083164518
-0.5649571625964631
0.15260615219395102
0.76497625770656
0.9244180825606213
0.782207692304766
0.7046941242843918
0.7875431918981929
0.8458317676485896
0.7853452208483217
0.7334284319734602
0.7833907439800151
0.834826539680073
0.7895915192578631
0.7339013792701641
0.7785427215455692
0.8447318976093764
0.7959163837121256
0.7069114171150804
0.7697701247341963
0.9191398781236598
0.7956626473316074
0.2125900065114451
-0.5164810219085011
-0.9061964570129901
-0.8630895949876951
-0.7181735992209983
-0.7369386863387966
-0.8330175417180682
-0.8243339619373168
-0.7468394249390078
-0.7494940008934523
-0.8198158496891662
-0.8219508790265743
-0.7518413048841113
-0.7447253265751491
-0.821506383981018
-0.8353282639477996
-0.7407913082140276
-0.7152380787770142
-0.8565262296165005
-0.9114905210698183
-0.541035277819792
0.18271090425855752
0.7807258256154436
0.9220236494156638
0.775903446816543
0.705655615911154
0.7917660851914945
0.8453944886996332
0.7819272246187247
0.7335666986408056
0.7864961063642745
0.8349206349206351
0.78649610636428
0.7335666986408057
0.7819272246187134
0.8453944886996196
0.7917660851914903
0.7056556159111602
0.7759034468165508
0.9220236494156667
0.7807258256154426
0.1827109042585556
-0.5410352778197937
-0.9114905210698176
-0.8565262296164948
-0.7152380787770058
-0.7407913082140262
-0.8353282639478097
-0.821506383981032
-0.7447253265751547
-0.7518413048841025
-0.8219508790265685
-0.819815849689168
-0.7494940008934565
-0.7468394249390063
-0.8243339619373029
-0.8330175417180586
-0.7369386863387971
-0.7181735992210032
-0.8630895949877007
-0.9061964570129905
-0.516481021908495
0.21259000651145088
0.7956626473316114
0.91913987812366
0.769770124734188
0.7069114171150744
0.7959163837121301
0.8447318976093893
0.7785427215455797
0.7339013792701707
0.7895915192578574
0.8348265396800734
0.7833907439800228
0.7334284319734633
0.7853452208483154
0.8458317676485798
0.7875431918981859
0.7046941242843983
0.7822076923047735
0.9244180825606276
0.7649762577065564
0.15260615219394438
-0.5649571625964648
-0.9160376083164479
-0.8498420701158963
-0.712628967712797
-0.7447651281786559
-0.8374254678832431
-0.818561211925959
-0.7427759950846414
-0.7543095509710344
-0.8239451553613524
-0.8175478938799268
-0.7472767463309635
-0.7491112108851813
-0.8270325088540442
-0.8304997803751419
-0.7332234014134079
-0.7214307439695227
-0.8695040054022292
-0.9001412985534233
-0.4913191453048882
0.2422071118652929
0.809782170995199
0.9157936813239447
0.7638265304291785
0.7084522061122746
0.7999795612711946
0.8438483792365421
0.7752040835280325
0.7344304751244579
0.7926654776633059
0.8345445974987961
0.7802869952959772
0.7334878687754788
0.7887841408065165
0.8460401292724735
0.78326266439518
0.7040353709085443
0.7886630394591947
0.9262968505518427
0.7484201553733456
0.12231259396805311
-0.5882232861688548
-0.9198531734243842
-0.8430649114634916
-0.7103498385597582
-0.7488437989391366
-0.8393035041591678
-0.8155102247530935
-0.7409978769870341
-0.7568892171579913
-0.8257913728418877
-0.8151553312983615
-0.7451982001618324
-0.7515329944827919
-0.8295909726800746
-0.8277822744811676
-0.7296613262556321
-0.7250035092697991
-0.8757410028741843
-0.8933123116654186
-0.46557570917659585
0.2715264492917571
0.8230815032750367
0.9120124839931264
0.7580904150798687
0.7102678119678371
0.8039415707553531
0.8427490763709983
0.7719234424463691
0.7351512880015524
0.7957065757318319
0.8340758377949309
0.7771964404648276
0.7337455819962355
0.7922312609477266
0.8460167673249837
0.7789398510213715
0.7036868495908735
0.7952486882383417
0.9276342843780403
0.7310653875411435
0.09186748901343281
-0.6108116650077285
-0.922953958575931
-0.8362221157350881
-0.7084030608789587
-0.7530108223798337
-0.8409575647687997
-0.8123654997505444
-0.7393967661868928
-0.759570401842798
-0.8274827719607407
-0.8126469455498737
-0.7432665407571579
-0.7540964995153907
-0.831998728071041
-0.8248731166760185
-0.7262680102097656
-0.7288846700436478
-0.8817719024093477
-0.8856981891594705
-0.4392780324119317
0.30051290182774093
0.8355594038753327
0.9078241494205497
0.7525784441643794
0.7123472606080739
0.8077888868072252
0.8414398655973325
0.768712648730732
0.7360604323944097
0.798703547302505
0.8334219722590703
0.7741306352338315
0.7342014231686305
0.7956737477989596
0.8457596911978202
0.7745904395283681
0.7036550798625236
0.8019429025200593
0.928405444251573
0.7129214734028634
0.06130843068784085
-0.6327017646997105
-0.9253579409624632
-0.8293405468656315
-0.7067898142183837
-0.7572496069987722
-0.842383691698872
-0.8091393680470497
-0.7379777864759955
-0.7623428601090528
-0.829013163287834
-0.8100319532292963
-0.741489435255153
-0.7567928899848803
-0.8342456170288874
-0.8217811775392153
-0.7230586220728117
-0.7330657807616423
-0.8875678634303218
-0.877289090603055
-0.412454635389519
0.32913208289070445
0.8472162759576216
0.903256904659624
0.7473061683383131
0.7146788227314035
0.8115085463668187
0.8399273308608082
0.7655832311219927
0.7371538499974334
0.801645305887261
0.8325853888590337
0.7711010695837262
0.7348545200455242
0.7990987027851364
0.8452677399865781
0.7702304070895942
0.7039455700533628
0.8087230553816357
0.9285861895025799
0.6939995713963936
0.030673263552473864
-0.6538745388279353
-0.9270842775027112
-0.8224465073911397
-0.7055101043886695
-0.7615435249936723
-0.8435787826515085
-0.8058443695643666
-0.7367453764309326
-0.7651960411244194
-0.8303769491915788
-0.8073199714553031
-0.7398740106201499
-0.7596127986846913
-0.8363219882207149
-0.8185160826595463
-0.7200478935557889
-0.7375371798653771
-0.8930999622870754
-0.8680766787716699
-0.38513518066259006
0.3573504107071105
0.8580541525181605
0.8983392656601515
0.7422879977536601
0.7172500634581221
0.8150881869640504
0.8382187348379402
0.7625463577544986
0.7384268265024682
0.8045209839655517
0.8315691434747612
0.7681191265151462
0.7357032767475191
0.8024932075415409
0.8445405938564382
0.7658759688254559
0.704562782982427
0.8155656773333334
0.9281532469423353
0.6743124640650002
-1.9141175107481337e-15
-0.6743124640650031
-0.928153246942332
-0.8155656773333196
-0.7045627829824119
-0.7658759688254584
-0.8445405938564624
-0.8024932075415665
-0.7357032767475242
-0.7681191265151351
-0.8315691434747572
-0.804520983965562
-0.7384268265024734
-0.7625463577544815
-0.8382187348379118
-0.8150881869640364
-0.7172500634581307
-0.7422879977536766
-0.8983392656601596
-0.8580541525181598
-0.3573504107071069
0.3851351806625937
0.8680766787716706
0.8930999622870668
0.7375371798653606
0.720047893555781
0.8185160826595614
0.8363219882207434
0.7596127986847077
0.739874010620144
0.8073199714552931
0.8303769491915833
0.7651960411244301
0.7367453764309266
0.8058443695643406
0.8435787826514849
0.761543524993671
0.7055101043886811
0.8224465073911611
0.9270842775027139
0.6538745388279281
-0.030673263552477688
-0.6939995713963926
-0.9285861895025763
-0.8087230553816218
-0.7039455700533477
-0.7702304070895911
-0.8452677399865952
-0.7990987027851615
-0.734854520045542
-0.7711010695837023
-0.8325853888590304
-0.8016453058872778
-0.7371538499974378
-0.7655832311219645
-0.8399273308607893
-0.8115085463668057
-0.7146788227314124
-0.7473061683383294
-0.9032569046596289
-0.8472162759576131
-0.32913208289070794
0.41245463538952926
0.8772890906030483
0.8875678634303236
0.7330657807616252
0.723058622072803
0.8217811775392388
0.8342456170289254
0.7567928899848845
0.7414894352551465
0.8100319532292922
0.829013163287839
0.7623428601090579
0.737977786476002
0.8091393680470229
0.8423836916988571
0.7572496069987716
0.7067898142183933
0.8293405468656506
0.9253579409624657
0.6327017646997031
-0.061308430687835216
-0.712921473402871
-0.9284054442515743
-0.8019429025200451
-0.7036550798625066
-0.774590439528379
-0.8457596911978289
-0.7956737477989843
-0.7342014231686397
-0.7741306352338126
-0.8334219722590682
-0.7987035473025257
-0.7360604323944133
-0.7687126487307153
-0.8414398655973045
-0.8077888868072005
-0.7123472606080937
-0.7525784441643958
-0.9078241494205436
-0.835559403875339
-0.30051290182772794
0.4392780324119438
0.8856981891594705
0.8817719024093522
0.7288846700436319
0.7262680102097524
0.8248731166760382
0.8319987280710694
0.7540964995154054
0.7432665407571557
0.8126469455498669
0.8274827719607462
0.7595704018428083
0.7393967661868812
0.8123654997505116
0.840957564768794
0.7530108223798293
0.7084030608789703
0.8362221157351112
0.9229539585759338
0.610811665007712
-0.09186748901344374
-0.7310653875411361
-0.9276342843780305
-0.7952486882383346
-0.7036868495908574
-0.7789398510213766
-0.8460167673249974
-0.7922312609477598
-0.7337455819962322
-0.7771964404648088
-0.8340758377949288
-0.7957065757318333
-0.7351512880015479
-0.771923442446355
-0.8427490763709673
-0.803941570755342
-0.7102678119678386
-0.7580904150798846
-0.9120124839931156
-0.8230815032750421
-0.27152644929174785
0.46557570917660757
0.8933123116654293
0.875741002874182
0.7250035092697765
0.7296613262556243
0.8277822744812063
0.8295909726800962
0.7515329944828053
0.7451982001618265
0.8151553312983602
0.8257913728418886
0.7568892171580024
0.7409978769870177
0.8155102247530568
0.8393035041591483
0.7488437989391532
0.7103498385597877
0.8430649114635139
0.9198531734243722
0.5882232861688633
-0.12231259396807767
-0.7484201553733593
-0.9262968505518251
-0.7886630394591796
-0.7040353709085151
-0.7832626643951716
-0.8460401292724964
-0.788784140806542
-0.7334878687754977
-0.7802869952959701
-0.8345445974987951
-0.792665477663302
-0.7344304751244478
-0.7752040835279986
-0.8438483792365061
-0.7999795612711879
-0.7084522061122864
-0.7638265304292055
-0.9157936813239567
-0.809782170995178
-0.24220711186528357
0.49131914530490256
0.9001412985534175
0.8695040054022152
0.7214307439695034
0.7332234014133838
0.8304997803751663
0.8270325088540879
0.7491112108851996
0.7472767463309561
0.817547893879918
0.8239451553613629
0.7543095509710365
0.7427759950846443
0.8185612119259377
0.837425467883234
0.7447651281786641
0.7126289677128059
0.8498420701159201
0.9160376083164543
0.5649571625964569
-0.15260615219394214
-0.7649762577065552
-0.924418082560615
-0.7822076923047583
-0.7046941242843948
-0.7875431918981961
-0.8458317676485941
-0.7853452208483255
-0.7334284319734637
-0.7833907439800115
-0.834826539680073
-0.789591519257872
-0.73390137927017
-0.7785427215455631
-0.844731897609351
-0.7959163837121117
-0.7069114171150913
-0.7697701247341929
-0.9191398781236588
-0.7956626473316127
-0.2125900065114633
0.5164810219085119
0.9061964570129997
0.8630895949876937
0.7181735992209936
0.7369386863387979
0.8330175417180794
0.8243339619373259
0.7468394249390091
0.7494940008934567
0.8198158496891522
0.8219508790265869
0.7518413048841224
0.7447253265751494
0.8215063839809973
0.8353282639477999
0.7407913082140324
0.7152380787770141
0.856526229616511
0.9114905210698375
0.5410352778197876
-0.18271090425852918
-0.7807258256154369
-0.9220236494156672
-0.7759034468165464
-0.7056556159111559
-0.7917660851915012
-0.8453944886996388
-0.7819272246187297
-0.7335666986407866
-0.786496106364264
-0.8349206349206351
-0.7864961063642809
-0.7335666986407873
-0.7819272246186966
-0.8453944886995979
-0.7917660851914886
-0.7056556159111749
-0.7759034468165698
-0.9220236494156757
-0.7807258256154339
-0.18271090425852343
0.5410352778197925
0.9114905210698359
0.856526229616494
0.7152380787769894
0.7407913082140276
0.8353282639478301
0.821506383981039
0.7447253265751657
0.7518413048841089
0.8219508790265758
0.8198158496891641
0.7494940008934697
0.7468394249389917
0.8243339619372839
0.8330175417180504
0.7369386863388041
0.7181735992210183
0.8630895949877102
0.9061964570130008
0.5164810219084998
-0.21259000651148066
-0.7956626473316131
-0.9191398781236625
-0.7697701247341717
-0.7069114171150616
-0.7959163837121256
-0.8447318976093923
-0.778542721545595
-0.733901379270168
-0.789591519257855
-0.8348265396800734
-0.7833907439800163
-0.7334284319734592
-0.7853452208482806
-0.8458317676485457
-0.7875431918981932
-0.7046941242844146
-0.7822076923047812
-0.9244180825606229
-0.764976257706552
-0.15260615219393642
0.5649571625964676
0.916037608316442
0.849842070115893
0.7126289677127751
0.7447651281786489
0.8374254678832673
0.8185612119259791
0.7427759950846589
0.7543095509710223
0.8239451553613527
0.8175478938799305
0.7472767463309578
0.7491112108851855
0.827032508854058
0.8304997803751386
0.7332234014134144
0.7214307439695328
0.869504005402231
0.9001412985534183
0.4913191453048833
-0.24220711186527505
-0.8097821709951806
-0.9157936813239343
-0.7638265304291799
-0.7084522061122926
-0.7999795612711872
-0.8438483792365575
-0.7752040835280294
-0.7344304751244445
-0.7926654776632872
-0.8345445974987975
-0.7802869952959897
-0.7334878687754958
-0.7887841408065186
-0.8460401292724564
-0.7832626643951438
-0.7040353709085576
-0.7886630394591979
-0.9262968505518325
-0.7484201553733418
-0.12231259396805774
0.588223286168854
0.9198531734243695
0.8430649114634956
0.7103498385597706
0.7488437989391733
0.8393035041591692
0.8155102247531104
0.740997876987033
0.7568892171579776
0.8257913728418766
0.8151553312983696
0.7451982001618273
0.7515329944827748
0.8295909726800492
0.8277822744811743
0.7296613262556413
0.725003509269828
0.8757410028741911
0.893312311665418
0.46557570917657815
-0.27152644929177855
-0.8230815032750363
-0.9120124839931025
-0.7580904150798508
-0.7102678119678225
-0.8039415707553677
-0.842749076370993
-0.7719234424464029
-0.7351512880015485
-0.7957065757318122
-0.8340758377949306
-0.7771964404648195
-0.7337455819962175
-0.7922312609477162
-0.8460167673249588
-0.7789398510213588
-0.7036868495908793
-0.7952486882383616
-0.9276342843780249
-0.7310653875411327
-0.09186748901343626
0.6108116650077027
0.922953958575917
0.8362221157350923
0.7084030608789467
0.7530108223798389
0.8409575647688331
0.8123654997505325
0.7393967661868914
0.759570401842781
0.8274827719607322
0.812646945549889
0.7432665407571698
0.7540964995153839
0.8319987280710268
0.824873116676013
0.7262680102097512
0.7288846700436659
0.8817719024093782
0.885698189159478
0.439278032411947
-0.30051290182773693
-0.8355594038753315
-0.9078241494205326
-0.7525784441643711
-0.7123472606080785
-0.8077888868072285
-0.8414398655973387
-0.7687126487307289
-0.7360604323944149
-0.7987035473025212
-0.8334219722590748
-0.7741306352338395
-0.7342014231686416
-0.7956737477989473
-0.8457596911977908
-0.7745904395283625
-0.7036550798625166
-0.8019429025200792
-0.9284054442515927
-0.7129214734028662
-0.061308430687816926
0.632701764699718
0.9253579409624595
0.8293405468656391
0.7067898142183698
0.7572496069987722
0.8423836916989023
0.8091393680470498
0.7379777864760011
0.7623428601090447
0.8290131632878338
0.8100319532293005
0.7414894352551958
0.7567928899848705
0.8342456170288861
0.8217811775391949
0.7230586220727955
0.7330657807616274
0.887567863430346
0.8772890906030502
0.4124546353895251
-0.3291320828907273
-0.8472162759576187
-0.9032569046596337
-0.7473061683383144
-0.7146788227314103
-0.8115085463668164
-0.8399273308608369
-0.765583231121976
-0.7371538499974049
-0.8016453058872555
-0.83258538885903
-0.7711010695837104
-0.7348545200455193
-0.7990987027851043
-0.8452677399865528
-0.7702304070896051
-0.7039455700533698
-0.8087230553816618
-0.9285861895026044
-0.6939995713963878
-0.030673263552470062
0.6538745388279751
0.9270842775027208
0.8224465073911285
0.7055101043886383
0.761543524993669
0.8435787826515027
0.8058443695643933
0.7367453764309315
0.7651960411244395
0.83037694919158
0.8073199714553051
0.7398740106201135
0.7596127986846863
0.8363219882206766
0.8185160826595396
0.7200478935558127
0.7375371798653731
0.8930999622871079
0.8680766787716759
0.385135180662579
-0.3573504107071124
-0.8580541525181689
-0.8983392656601362
-0.742287997753641
-0.7172500634581022
-0.815088186964039
-0.8382187348379732
-0.7625463577545222
-0.7384268265024532
-0.8045209839655435
-0.8315691434747632
-0.7681191265151647
-0.7357032767474923
-0.8024932075415565
-0.8445405938564402
-0.765875968825475
-0.7045627829824436
-0.8155656773333225
-0.9281532469423536
-0.6743124640650066
3.828235021496267e-15
0.6743124640650123
0.9281532469423471
0.8155656773332951
0.7045627829824135
0.7658759688254797
0.8445405938564887
0.8024932075416078
0.7357032767475022
0.7681191265151427
0.8315691434747552
0.8045209839655639
0.7384268265024635
0.7625463577544879
0.8382187348379164
0.8150881869640108
0.7172500634581198
0.742287997753674
0.898339265660153
0.8580541525181671
0.35735041070710505
-0.3851351806625863
-0.868076678771677
-0.8930999622870903
-0.73753717986534
-0.7200478935557965
-0.8185160826595695
-0.8363219882207334
-0.7596127986847189
-0.739874010620102
-0.8073199714552853
-0.8303769491915892
-0.765196041124461
-0.7367453764309198
-0.805844369564341
-0.8435787826514554
-0.7615435249936662
-0.7055101043886689
-0.8224465073911551
-0.9270842775027267
-0.6538745388279692
0.030673263552477716
0.6939995713963931
0.9285861895025973
0.8087230553816336
0.7039455700533402
0.7702304070896118
0.8452677399866027
0.7990987027851547
0.7348545200455274
0.771101069583688
0.8325853888590237
0.8016453058872764
0.7371538499974136
0.76558323112194
0.8399273308607803
0.8115085463667904
0.7146788227314291
0.7473061683383473
0.9032569046596495
0.8472162759576167
0.32913208289071993
-0.41245463538953236
-0.8772890906030507
-0.8875678634303278
-0.7330657807615941
-0.7230586220727808
-0.8217811775392264
-0.8342456170289432
-0.7567928899849011
-0.741489435255183
-0.8100319532292813
-0.8290131632878442
-0.7623428601090817
-0.7379777864759777
-0.8091393680469965
-0.84238369169884
-0.7572496069987801
-0.7067898142184011
-0.8293405468656652
-0.9253579409624721
-0.6327017646997207
0.06130843068782457
0.7129214734028778
0.9284054442515945
0.8019429025200504
0.703655079862488
0.774590439528382
0.8457596911978416
0.7956737477989966
0.7342014231686518
0.7741306352338323
0.8334219722590681
0.7987035473025355
0.7360604323944074
0.7687126487307093
0.8414398655972825
0.8077888868072047
0.7123472606080906
0.7525784441644039
0.9078241494205527
0.8355594038753301
0.3005129018277295
-0.4392780324119359
-0.8856981891594756
-0.8817719024093656
-0.7288846700436327
-0.726268010209742
-0.8248731166760471
-0.8319987280710837
-0.7540964995153949
-0.7432665407571716
-0.8126469455498707
-0.8274827719607406
-0.7595704018428174
-0.7393967661868832
-0.8123654997504784
-0.8409575647687721
-0.7530108223798361
-0.7084030608789783
-0.8362221157351128
-0.9229539585759406
-0.6108116650077059
0.09186748901342498
0.7310653875411437
0.9276342843780372
0.7952486882383297
0.7036868495908513
0.7789398510213446
0.8460167673250106
0.7922312609477452
0.7337455819962252
0.777196440464812
0.8340758377949254
0.7957065757318473
0.735151288001554
0.7719234424463455
0.8427490763709371
0.8039415707553458
0.7102678119678435
0.7580904150798831
0.9120124839931386
0.8230815032750352
0.2715264492917524
-0.4655757091765852
-0.8933123116654145
-0.8757410028741642
-0.7250035092697948
-0.7296613262556241
-0.8277822744811936
-0.8295909726801062
-0.7515329944828193
-0.7451982001618281
-0.8151553312983467
-0.8257913728418892
-0.7568892171580135
-0.7409978769869898
-0.8155102247530559
-0.8393035041591268
-0.748843798939172
-0.7103498385598027
-0.8430649114635249
-0.9198531734243796
-0.58822328616883
0.12231259396804646
0.7484201553733517
0.9262968505518441
0.7886630394591678
0.7040353709085242
0.7832626643951581
0.8460401292725088
0.7887841408065465
0.7334878687754853
0.7802869952959725
0.8345445974987954
0.7926654776633231
0.7344304751244491
0.7752040835279885
0.843848379236502
0.7999795612711386
0.7084522061123142
0.7638265304292109
0.9157936813239603
0.8097821709951796
0.24220711186528626
-0.4913191453048902
-0.9001412985534271
-0.8695040054022101
-0.7214307439694997
-0.73322340141342
-0.8304997803751505
-0.8270325088540881
-0.7491112108852106
-0.7472767463309575
-0.81754789387992
-0.8239451553613674
-0.7543095509710722
-0.7427759950846142
-0.8185612119259238
-0.8374254678831834
-0.7447651281786497
-0.7126289677128228
-0.8498420701159217
-0.9160376083164506
-0.5649571625964432
0.1526061521939582
0.764976257706563
0.9244180825606139
0.7822076923047506
0.7046941242843816
0.7875431918982052
0.8458317676485909
0.7853452208483445
0.7334284319734468
0.7833907439799992
0.834826539680072
0.7895915192578936
0.7339013792701459
0.7785427215455525
0.8447318976093557
0.7959163837120842
0.7069114171150948
0.7697701247342168
0.9191398781236871
0.7956626473315969
0.21259000651145893
-0.5164810219085207
-0.9061964570129765
-0.8630895949876882
-0.7181735992209826
-0.7369386863388123
-0.8330175417180818
-0.8243339619373516
-0.7468394249390082
-0.7494940008934564
-0.8198158496891529
-0.8219508790265895
-0.7518413048841346
-0.7447253265751368
-0.8215063839810023
-0.8353282639477569
-0.7407913082140298
-0.7152380787770372
-0.8565262296165297
-0.9114905210698302
-0.5410352778198038
0.18271090425854525
0.7807258256154437
0.922023649415663
0.7759034468165389
0.7056556159111569
0.7917660851915022
0.8453944886996422
0.7819272246187341
0.7335666986407727
0.786496106364281
0.8349206349206351
0.7864961063643072
0.7335666986407782
0.7819272246186856
0.8453944886995662
0.7917660851914715
0.7056556159111769
0.7759034468165901
0.9220236494156906
0.7807258256154527
0.18271090425852157
-0.5410352778198262
-0.9114905210698135
-0.8565262296164883
-0.7152380787769842
-0.7407913082140325
-0.8353282639478161
-0.8215063839810647
-0.7447253265751582
-0.7518413048841086
-0.8219508790265723
-0.8198158496891714
-0.7494940008934747
-0.7468394249389844
-0.8243339619372887
-0.8330175417180246
-0.7369386863388119
-0.718173599221012
-0.8630895949877286
-0.9061964570129925
-0.5164810219084981
0.21259000651148252
0.7956626473316154
0.9191398781236584
0.7697701247341651
0.7069114171150537
0.795916383712117
0.8447318976094325
0.7785427215455994
0.7339013792701384
0.7895915192578633
0.8348265396800738
0.7833907439800255
0.7334284319734501
0.7853452208482944
0.8458317676485324
0.7875431918981772
0.7046941242844029
0.7822076923047763
0.9244180825606406
0.7649762577065716
0.1526061521939345
-0.5649571625964656
-0.9160376083164607
-0.8498420701158793
-0.7126289677127702
-0.7447651281786352
-0.8374254678832447
-0.8185612119260111
-0.7427759950846335
-0.7543095509710656
-0.8239451553613493
-0.8175478938799301
-0.7472767463309747
-0.7491112108851636
-0.8270325088540248
-0.8304997803751214
-0.7332234014134216
-0.7214307439695506
-0.8695040054022495
-0.9001412985534358
-0.4913191453048957
0.2422071118653319
0.8097821709951978
0.9157936813239527
0.7638265304291587
0.708452206112252
0.7999795612711739
0.8438483792365824
0.7752040835280458
0.7344304751244622
0.7926654776632931
0.8345445974987972
0.7802869952959988
0.733487868775455
0.7887841408064945
0.8460401292724512
0.7832626643951525
0.7040353709085692
0.7886630394591927
0.9262968505518716
0.7484201553733599
0.12231259396802857
-0.5882232861688521
-0.9198531734243922
-0.8430649114634815
-0.7103498385597284
-0.748843798939158
-0.8393035041591845
-0.8155102247531311
-0.7409978769870389
-0.756889217157986
-0.8257913728418794
-0.8151553312983775
-0.7451982001618436
-0.7515329944828008
-0.8295909726800424
-0.8277822744811503
-0.7296613262556276
-0.7250035092698031
-0.8757410028741766
-0.8933123116654358
-0.4655757091765905
0.27152644929172565
0.8230815032750528
0.9120124839931398
0.7580904150798304
0.7102678119678276
0.8039415707553641
0.8427490763710113
0.7719234424464007
0.7351512880015203
0.7957065757318179
0.8340758377949328
0.7771964404648382
0.7337455819962379
0.7922312609476789
0.8460167673249538
0.7789398510213412
0.7036868495908518
0.7952486882383539
0.9276342843780336
0.7310653875411514
0.09186748901345226
-0.6108116650077278
-0.922953958575946
-0.8362221157350942
-0.7084030608789493
-0.7530108223798246
-0.8409575647688237
-0.8123654997505529
-0.7393967661868859
-0.7595704018427889
-0.8274827719607193
-0.8126469455498951
-0.7432665407572073
-0.7540964995153533
-0.8319987280710278
-0.8248731166760144
-0.726268010209748
-0.7288846700436621
-0.8817719024093674
-0.8856981891594617
-0.4392780324119615
0.3005129018277246
0.8355594038753578
0.9078241494205475
0.752578444164356
0.7123472606080542
0.8077888868072133
0.8414398655973608
0.7687126487307813
0.7360604323944021
0.7987035473025205
0.8334219722590752
0.7741306352338454
0.7342014231686395
0.7956737477989135
0.8457596911978044
0.7745904395283847
0.7036550798625353
0.8019429025200869
0.9284054442515912
0.7129214734028534
0.06130843068784816
-0.6327017646997317
-0.9253579409624916
-0.8293405468656313
-0.7067898142183737
-0.7572496069987646
-0.8423836916988888
-0.8091393680470635
-0.7379777864759997
-0.7623428601090775
-0.8290131632878336
-0.8100319532292954
-0.7414894352552087
-0.756792889984837
-0.8342456170288645
-0.8217811775391901
-0.7230586220728099
-0.7330657807616701
-0.8875678634303377
-0.877289090603028
-0.4124546353895558
0.3291320828907364
0.8472162759576203
0.903256904659628
0.7473061683383184
0.714678822731381
0.8115085463668135
0.8399273308608297
0.7655832311220091
0.7371538499974288
0.8016453058872449
0.8325853888590391
0.7711010695837467
0.7348545200454966
0.799098702785124
0.8452677399865495
0.7702304070895767
0.7039455700533885
0.808723055381656
0.9285861895025929
0.6939995713963748
0.030673263552482354
-0.6538745388279394
-0.9270842775026941
-0.8224465073911491
-0.7055101043886548
-0.7615435249936773
-0.8435787826514964
-0.805844369564405
-0.7367453764309392
-0.7651960411244073
-0.8303769491915677
-0.8073199714553235
-0.7398740106201243
-0.7596127986846923
-0.8363219882206734
-0.8185160826594907
-0.7200478935558274
-0.7375371798653685
-0.8930999622870989
-0.8680766787716689
-0.38513518066258146
0.35735041070705886
0.8580541525181407
0.8983392656601772
0.7422879977536445
0.7172500634581396
0.8150881869640436
0.8382187348379553
0.7625463577545091
0.7384268265024185
0.8045209839655684
0.8315691434747697
0.7681191265152082
0.7357032767475171
0.8024932075415124
0.8445405938563993
0.765875968825484
0.7045627829824268
0.8155656773333421
0.928153246942366
0.6743124640650082
-3.953260707728027e-14
-0.6743124640650167
-0.9281532469423562
-0.815565677333301
-0.7045627829823817
-0.7658759688254914
-0.8445405938564722
-0.8024932075415891
-0.7357032767475319
-0.7681191265151751
-0.831569143474758
-0.8045209839655991
-0.738426826502434
-0.7625463577544577
-0.83821873483787
-0.8150881869640015
-0.7172500634581659
-0.7422879977536939
-0.898339265660202
-0.8580541525181382
-0.35735041070704787
0.38513518066259234
0.8680766787716707
0.8930999622870729
0.7375371798653187
0.7200478935558033
0.8185160826595358
0.8363219882207589
0.7596127986847411
0.7398740106201069
0.8073199714552939
0.8303769491915814
0.7651960411244397
0.7367453764309215
0.8058443695643267
0.8435787826514256
0.7615435249936731
0.7055101043887007
0.8224465073911892
0.9270842775027027
0.6538745388279306
-0.030673263552493838
-0.6939995713963829
-0.928586189502582
-0.8087230553816139
-0.7039455700533445
-0.7702304070895868
-0.8452677399866242
-0.7990987027851991
-0.7348545200455087
-0.771101069583713
-0.8325853888590291
-0.8016453058872766
-0.7371538499974267
-0.7655832311219551
-0.8399273308607229
-0.8115085463667742
-0.7146788227314345
-0.7473061683383677
-0.9032569046596269
-0.8472162759576274
-0.3291320828907253
0.41245463538958466
0.8772890906030287
0.8875678634302867
0.7330657807616202
0.7230586220727627
0.8217811775392379
0.8342456170289734
0.756792889984883
0.7414894352551709
0.8100319532292871
0.8290131632878489
0.7623428601090848
0.7379777864759791
0.809139368047009
0.8423836916988198
0.7572496069987854
0.7067898142184207
0.8293405468656545
0.925357940962499
0.63270176469973
-0.06130843068788474
-0.7129214734028612
-0.9284054442515548
-0.8019429025200437
-0.7036550798625124
-0.7745904395283978
-0.8457596911978935
-0.795673747798987
-0.7342014231686448
-0.7741306352338115
-0.8334219722590617
-0.7987035473025296
-0.7360604323944132
-0.7687126487307423
-0.8414398655972762
-0.8077888868071671
-0.7123472606080846
-0.7525784441644043
-0.9078241494205697
-0.8355594038753452
-0.30051290182771345
0.4392780324119552
0.8856981891594469
0.8817719024093384
0.7288846700436187
0.7262680102097283
0.8248731166760678
0.8319987280711131
0.7540964995154087
0.7432665407571863
0.812646945549848
0.8274827719607365
0.7595704018428439
0.7393967661868653
0.8123654997504721
0.8409575647687633
0.753010822379826
0.7084030608789819
0.8362221157351319
0.9229539585759308
0.6108116650077184
-0.09186748901343883
-0.7310653875411588
-0.927634284378045
-0.7952486882382998
-0.7036868495908101
-0.778939851021375
-0.8460167673250316
-0.7922312609477276
-0.7337455819962445
-0.7771964404647788
-0.8340758377949268
-0.7957065757318784
-0.7351512880015288
-0.7719234424463229
-0.8427490763709315
-0.8039415707553307
-0.7102678119678579
-0.7580904150798787
-0.912012483993186
-0.8230815032750205
-0.27152644929173664
0.46557570917657276
0.8933123116654513
0.8757410028741462
0.7250035092697694
0.7296613262556356
0.8277822744811846
0.8295909726801033
0.7515329944828414
0.7451982001618481
0.8151553312983513
0.8257913728419134
0.7568892171580156
0.7409978769870081
0.8155102247530351
0.8393035041591196
0.7488437989391599
0.7103498385597767
0.8430649114635618
0.9198531734243703
0.5882232861688325
-0.12231259396801158
-0.7484201553733676
-0.9262968505518302
-0.7886630394591815
-0.7040353709085286
-0.7832626643951512
-0.8460401292725149
-0.7887841408065516
-0.7334878687754747
-0.7802869952959646
-0.8345445974987963
-0.7926654776633267
-0.7344304751244889
-0.775204083527972
-0.8438483792364798
-0.7999795612711239
-0.7084522061122863
-0.7638265304292347
-0.9157936813239457
-0.8097821709951991
-0.2422071118652922
0.49131914530492105
0.9001412985534067
0.8695040054022394
0.7214307439695008
0.7332234014134033
0.8304997803751769
0.8270325088540948
0.7491112108851918
0.7472767463309502
0.817547893879925
0.8239451553613697
0.7543095509710773
0.7427759950846042
0.818561211925903
0.8374254678831641
0.7447651281786658
0.7126289677128427
0.8498420701159024
0.9160376083164851
0.5649571625964461
-0.15260615219397022
-0.764976257706564
-0.92441808256065
-0.782207692304713
-0.7046941242843641
-0.7875431918981839
-0.8458317676486125
-0.7853452208483789
-0.7334284319734425
-0.7833907439800372
-0.8348265396800717
-0.7895915192578615
-0.7339013792701423
-0.7785427215455104
-0.8447318976093339
-0.7959163837121168
-0.7069114171151121
-0.769770124734226
-0.9191398781237035
-0.7956626473315693
-0.2125900065114478
0.5164810219085558
0.9061964570129717
0.8630895949876586
0.7181735992209759
0.7369386863387796
0.8330175417181017
0.8243339619373826
0.746839424939017
0.7494940008934763
0.8198158496891478
0.8219508790265685
0.7518413048841359
0.7447253265751224
0.8215063839809811
0.83532826394776
0.7407913082140207
0.7152380787770671
0.8565262296165482
0.9114905210697928
0.5410352778198162
-0.18271090425858372
-0.7807258256154551
-0.9220236494156434
-0.7759034468165374
-0.7056556159111167
-0.7917660851915014
-0.8453944886996492
-0.7819272246187601
-0.7335666986407996
-0.7864961063642483
-0.8349206349206351
-0.7864961063643309
-0.7335666986407734
-0.7819272246186852
-0.8453944886995783
-0.7917660851914432
-0.7056556159112173
-0.7759034468165924
-0.9220236494156548
-0.7807258256154788
-0.18271090425852937
0.5410352778198073
0.9114905210697992
0.8565262296164876
0.7152380787769641
0.7407913082140853
0.8353282639478173
0.8215063839810861
0.7447253265751689
0.7518413048840578
0.8219508790265693
0.8198158496892018
0.749494000893454
0.7468394249389946
0.824333961937307
0.8330175417179986
0.7369386863388
0.7181735992209864
0.8630895949877004
0.9061964570130121
0.516481021908496
-0.21259000651144802
-0.795662647331635
-0.9191398781236475
-0.7697701247341446
-0.7069114171151051
-0.7959163837121117
-0.8447318976094336
-0.7785427215456162
-0.7339013792701
-0.7895915192578599
-0.8348265396800763
-0.783390743980029
-0.7334284319734764
-0.7853452208483114
-0.8458317676485116
-0.7875431918981677
-0.7046941242843753
-0.7822076923048038
-0.9244180825606538
-0.7649762577065544
-0.15260615219396928
0.56495716259647
0.9160376083164505
0.8498420701158795
0.7126289677127646
0.7447651281786429
0.8374254678832543
0.8185612119260067
0.7427759950846491
0.7543095509710437
0.8239451553613379
0.8175478938799425
0.7472767463309821
0.7491112108851838
0.8270325088539696
0.8304997803751131
0.7332234014134337
0.7214307439695402
0.8695040054022782
0.9001412985534459
0.49131914530488835
-0.24220711186530308
-0.8097821709951968
-0.9157936813239926
-0.7638265304291443
-0.7084522061122336
-0.7999795612711875
-0.8438483792365853
-0.7752040835280603
-0.7344304751244427
-0.7926654776633245
-0.834544597498799
-0.7802869952960152
-0.7334878687754728
-0.7887841408064378
-0.8460401292724467
-0.7832626643951718
-0.7040353709085428
-0.7886630394592048
-0.9262968505518836
-0.7484201553733583
-0.12231259396801038
0.5882232861688579
0.9198531734244222
0.8430649114634753
0.710349838559717
0.7488437989391488
0.8393035041591969
0.8155102247531381
0.7409978769870161
0.7568892171580214
0.8257913728418702
0.8151553312983547
0.7451982001618653
0.7515329944827678
0.8295909726800442
0.8277822744811424
0.7296613262556204
0.7250035092698207
0.8757410028742066
0.8933123116654427
0.46557570917657864
-0.27152644929173525
-0.8230815032750483
-0.9120124839931177
-0.758090415079802
-0.7102678119678112
-0.8039415707553619
-0.8427490763710648
-0.7719234424463861
-0.7351512880015797
-0.795706575731774
-0.8340758377949279
-0.7771964404648283
-0.7337455819962382
-0.7922312609476759
-0.8460167673249498
-0.7789398510213326
-0.703686849590891
-0.7952486882383254
-0.9276342843780236
-0.7310653875411504
-0.09186748901340971
0.6108116650077344
0.9229539585759342
0.8362221157350649
0.7084030608789308
0.7530108223797934
0.8409575647688716
0.8123654997505723
0.7393967661869353
0.759570401842735
0.8274827719607339
0.8126469455498884
0.7432665407571735
0.754096499515361
0.8319987280710447
0.8248731166760062
0.7262680102097867
0.7288846700436858
0.8817719024093457
0.8856981891594831
0.43927803241192753
-0.3005129018277839
-0.8355594038753316
-0.9078241494204984
-0.752578444164355
-0.7123472606079908
-0.80778888680727
-0.8414398655973924
-0.7687126487307809
-0.7360604323944046
-0.7987035473024996
-0.8334219722590677
-0.7741306352338458
-0.7342014231686107
-0.7956737477989385
-0.8457596911978011
-0.7745904395283747
-0.7036550798625872
-0.801942902520054
-0.9284054442515872
-0.7129214734028705
-0.061308430687809334
0.6327017646996839
0.9253579409624685
0.8293405468656262
0.706789814218387
0.7572496069987936
0.8423836916988956
0.8091393680470578
0.7379777864760221
0.7623428601090559
0.8290131632878154
0.8100319532293131
0.7414894352551549
0.7567928899848769
0.8342456170288354
0.8217811775391896
0.7230586220728399
0.7330657807616504
0.8875678634303341
0.8772890906030119
0.41245463538951915
-0.32913208289065304
-0.8472162759576449
-0.9032569046596176
-0.7473061683383313
-0.7146788227314094
-0.8115085463668074
-0.8399273308608729
-0.7655832311220481
-0.7371538499974385
-0.801645305887204
-0.8325853888590378
-0.7711010695837254
-0.7348545200455419
-0.799098702785066
-0.8452677399865874
-0.7702304070896012
-0.7039455700533426
-0.8087230553816469
-0.9285861895025573
-0.6939995713963683
-0.030673263552510148
0.6538745388279781
0.9270842775027005
0.8224465073910934
0.7055101043886407
0.7615435249936525
0.8435787826515617
0.8058443695643996
0.7367453764309455
0.7651960411243616
0.8303769491915695
0.8073199714553135
0.7398740106201668
0.7596127986846439
0.8363219882207208
0.8185160826594904
0.7200478935557738
0.7375371798654393
0.8930999622871062
0.8680766787716608
0.3851351806625779
-0.35735041070711604
-0.8580541525181297
-0.8983392656601255
-0.7422879977536417
-0.7172500634581463
-0.8150881869640939
-0.8382187348379451
-0.7625463577545255
-0.738426826502451
-0.8045209839655305
-0.831569143474767
-0.7681191265152099
-0.7357032767474887
-0.802493207541534
-0.8445405938563706
-0.7658759688254345
-0.7045627829825003
-0.8155656773333346
-0.9281532469423391
-0.6743124640649888
7.656470042992535e-15
0.6743124640650001
0.928153246942326
0.8155656773332798
0.7045627829824399
0.7658759688254441
0.8445405938564676
0.8024932075416364
0.7357032767475082
0.768119126515166
0.8315691434747512
0.8045209839655716
0.7384268265024712
0.7625463577544569
0.8382187348378315
0.8150881869640378
0.7172500634581815
0.7422879977537078
0.8983392656601588
0.8580541525181266
0.3573504107071013
-0.38513518066259245
-0.8680766787716632
-0.893099962287071
-0.7375371798653729
-0.7200478935557416
-0.81851608265955
-0.8363219882208348
-0.7596127986847091
-0.7398740106201435
-0.8073199714552738
-0.8303769491915878
-0.7651960411244046
-0.736745376430922
-0.8058443695642953
-0.8435787826514669
-0.7615435249936467
-0.7055101043887023
-0.8224465073911467
-0.9270842775027119
-0.6538745388279662
0.03067326355252546
0.693999571396379
0.9285861895025428
0.8087230553815905
0.7039455700532835
0.7702304070896144
0.8452677399866869
0.7990987027851664
0.7348545200455581
0.7711010695836807
0.8325853888590247
0.8016453058872461
0.7371538499974561
0.765583231121976
0.8399273308607594
0.811508546366755
0.7146788227314473
0.7473061683383969
0.9032569046596491
0.8472162759576409
0.3291320828906382
-0.41245463538953353
-0.877289090603013
-0.8875678634302973
-0.733065780761584
-0.7230586220728105
-0.821781177539253
-0.8342456170289494
-0.7567928899849384
-0.741489435255129
-0.8100319532292747
-0.829013163287836
-0.7623428601090981
-0.7379777864759947
-0.8091393680469516
-0.8423836916988033
-0.7572496069987918
-0.7067898142184496
-0.8293405468656782
-0.9253579409624786
-0.6327017646996718
0.061308430687824635
0.7129214734028808
0.928405444251571
0.8019429025199963
0.7036550798625298
0.774590439528392
0.8457596911979028
0.7956737477990365
0.734201423168623
0.7741306352338008
0.8334219722590571
0.7987035473025428
0.7360604323944192
0.7687126487307056
0.8414398655972797
0.8077888868072215
0.7123472606080314
0.7525784441644202
0.9078241494205281
0.8355594038753266
0.30051290182776896
-0.43927803241194185
-0.8856981891594834
-0.8817719024093069
-0.7288846700436192
-0.7262680102097605
-0.8248731166760732
-0.8319987280711587
-0.7540964995154187
-0.7432665407571453
-0.8126469455498516
-0.8274827719607567
-0.7595704018427758
-0.7393967661869043
-0.8123654997504646
-0.8409575647687821
-0.7530108223797954
-0.7084030608789942
-0.8362221157351152
-0.9229539585759428
-0.610811665007722
0.09186748901342501
0.7310653875411602
0.9276342843780059
0.7952486882382666
0.7036868495908354
0.7789398510213537
0.8460167673250535
0.7922312609477716
0.7337455819962468
0.7771964404647829
0.8340758377949199
0.7957065757318178
0.7351512880015912
0.7719234424463075
0.8427490763709528
0.8039415707553172
0.7102678119678544
0.7580904150798664
0.9120124839931457
0.8230815032750425
0.2715264492916902
-0.46557570917659274
-0.893312311665448
-0.8757410028741353
-0.725003509269754
-0.7296613262555889
-0.8277822744812445
-0.8295909726801578
-0.7515329944828332
-0.7451982001618027
-0.8151553312983194
-0.825791372841882
-0.7568892171580611
-0.740997876986981
-0.815510224753013
-0.8393035041591104
-0.7488437989391542
-0.7103498385597993
-0.8430649114635241
-0.9198531734244165
-0.5882232861688248
0.12231259396802563
0.7484201553733573
0.926296850551842
0.7886630394591448
0.7040353709084969
0.7832626643952206
0.8460401292725519
0.7887841408065257
0.7334878687754779
0.7802869952959697
0.8345445974987908
0.792665477663369
0.7344304751244511
0.7752040835279788
0.8438483792364743
0.799979561271174
0.7084522061122661
0.763826530429208
0.915793681323993
0.8097821709952162
0.24220711186525054
-0.491319145304878
-0.9001412985534166
-0.8695040054022489
-0.7214307439694961
-0.7332234014134142
-0.8304997803751542
-0.8270325088541031
-0.7491112108852342
-0.7472767463309744
-0.817547893879881
-0.8239451553613653
-0.754309550971026
-0.7427759950846605
-0.8185612119258964
-0.8374254678832032
-0.7447651281786608
-0.7126289677128296
-0.8498420701158945
-0.9160376083164821
-0.5649571625964568
0.15260615219395277
0.7649762577065308
0.9244180825606528
0.7822076923047118
0.7046941242843366
0.787543191898169
0.8458317676486489
0.785345220848402
0.733428431973535
0.7833907439799542
0.8348265396800737
0.7895915192578606
0.7339013792701632
0.7785427215455314
0.8447318976093161
0.7959163837121036
0.7069114171151528
0.7697701247341775
0.919139878123653
0.7956626473316277
0.2125900065114019
-0.5164810219084738
-0.9061964570130355
-0.8630895949876249
-0.7181735992209257
-0.736938686338751
-0.833017541718108
-0.8243339619374191
-0.74683942493902
-0.7494940008933869
-0.8198158496891705
-0.8219508790265746
-0.751841304884118
-0.7447253265751261
-0.821506383980955
-0.8353282639477702
-0.7407913082140981
-0.715238078777044
-0.8565262296165219
-0.9114905210697937
-0.5410352778197717
0.1827109042585069
0.7807258256154791
0.922023649415608
0.7759034468165271
0.7056556159111583
0.7917660851915018
0.8453944886997232
0.7819272246187331
0.7335666986407716
0.7864961063642856
0.8349206349206351
0.7864961063642938
0.7335666986408014
0.7819272246186326
0.8453944886995773
0.7917660851914942
0.7056556159111577
0.7759034468165965
0.9220236494156422
0.7807258256154396
0.18271090425853087
-0.5410352778198073
-0.9114905210697781
-0.8565262296164917
-0.7152380787770157
-0.7407913082140078
-0.8353282639478739
-0.8215063839810728
-0.744725326575165
-0.7518413048841233
-0.8219508790265146
-0.8198158496891792
-0.7494940008934784
-0.7468394249389495
-0.8243339619372705
-0.8330175417180568
-0.736938686338763
-0.7181735992210473
-0.8630895949876708
-0.9061964570130017
-0.5164810219085064
0.2125900065114319
0.7956626473315767
0.91913987812366
0.7697701247341329
0.7069114171150642
0.7959163837121824
0.8447318976094361
0.7785427215455951
0.7339013792701948
0.7895915192577723
0.8348265396800744
0.7833907439800536
0.733428431973498
0.7853452208482882
0.8458317676485357
0.7875431918981272
0.7046941242844296
0.7822076923047429
0.9244180825606908
0.764976257706523
0.15260615219392326
-0.5649571625964592
-0.9160376083165048
-0.8498420701158231
-0.7126289677127776
-0.7447651281786652
-0.83742546788328
-0.8185612119260132
-0.7427759950846934
-0.7543095509709834
-0.8239451553613425
-0.8175478938799304
-0.7472767463310079
-0.7491112108851414
-0.8270325088540024
-0.8304997803750702
-0.733223401413423
-0.7214307439695895
-0.8695040054022939
-0.9001412985533818
-0.4913191453048829
0.24220711186526983
0.8097821709952319
0.9157936813238935
0.7638265304291709
0.7084522061122276
0.799979561271192
0.8438483792365907
0.7752040835280911
0.734430475124451
0.7926654776632821
0.8345445974987974
0.7802869952960283
0.7334878687754693
0.788784140806453
0.8460401292724458
0.78326266439515
0.7040353709085904
0.788663039459246
0.926296850551807
0.7484201553733478
0.12231259396803415
-0.5882232861688601
-0.9198531734243502
-0.8430649114635032
-0.7103498385597229
-0.7488437989391544
-0.8393035041592061
-0.8155102247531665
-0.7409978769870432
-0.756889217157976
-0.8257913728418814
-0.8151553312983966
-0.7451982001618462
-0.7515329944827632
-0.8295909726800276
-0.8277822744811458
-0.7296613262556498
-0.7250035092698319
-0.8757410028741555
-0.8933123116654584
-0.46557570917659497
0.27152644929175895
0.8230815032750265
0.9120124839931403
0.7580904150797861
0.7102678119678149
0.8039415707553753
0.8427490763710342
0.7719234424464015
0.7351512880015465
0.7957065757318231
0.8340758377949368
0.7771964404647986
0.7337455819962291
0.7922312609476824
0.8460167673249424
0.7789398510213538
0.7036868495909009
0.7952486882383268
0.9276342843780896
0.7310653875411538
0.09186748901339134
-0.6108116650077028
-0.9229539585758976
-0.8362221157350327
-0.7084030608789419
-0.7530108223798313
-0.8409575647688684
-0.8123654997505798
-0.739396766186905
-0.7595704018427987
-0.8274827719607135
-0.8126469455498614
-0.7432665407571886
-0.7540964995153977
-0.8319987280710067
-0.8248731166759687
-0.7262680102097526
-0.7288846700437096
-0.8817719024094033
-0.8856981891594186
-0.4392780324119149
0.3005129018277567
0.8355594038753177
0.9078241494205029
0.7525784441643392
0.7123472606080601
0.8077888868072334
0.8414398655973889
0.7687126487308086
0.7360604323943701
0.7987035473024866
0.8334219722590659
0.7741306352338374
0.7342014231686417
0.7956737477988808
0.8457596911977564
0.7745904395283866
0.7036550798625804
0.8019429025201323
0.928405444251529
0.7129214734028377
0.06130843068784102
-0.6327017646996896
-0.9253579409624464
-0.8293405468656024
-0.706789814218359
-0.7572496069987837
-0.8423836916989117
-0.8091393680471259
-0.7379777864759735
-0.762342860109037
-0.8290131632878187
-0.8100319532293372
-0.7414894352551724
-0.7567928899848302
-0.834245617028837
-0.8217811775392183
-0.723058622072786
-0.7330657807616598
-0.8875678634302789
-0.8772890906030587
-0.41245463538954197
0.32913208289074836
0.8472162759576592
0.9032569046595955
0.7473061683383058
0.7146788227314013
0.8115085463668267
0.8399273308609155
0.7655832311219908
0.7371538499974315
0.8016453058872234
0.8325853888590458
0.7711010695837213
0.7348545200455153
0.7990987027850744
0.8452677399865567
0.7702304070895526
0.7039455700533694
0.8087230553816313
0.9285861895026236
0.6939995713964058
0.030673263552408188
-0.6538745388279705
-0.9270842775026913
-0.8224465073910701
-0.7055101043886394
-0.76154352499366
-0.8435787826516047
-0.8058443695643933
-0.7367453764309561
-0.7651960411243858
-0.8303769491915582
-0.8073199714553079
-0.7398740106201613
-0.7596127986847236
-0.8363219882206694
-0.8185160826594946
-0.7200478935557952
-0.7375371798654131
-0.8930999622871342
-0.8680766787716974
-0.38513518066254177
0.35735041070709084
0.858054152518142
0.8983392656601293
0.7422879977536279
0.7172500634581056
0.8150881869641374
0.8382187348379837
0.7625463577545437
0.7384268265024408
0.8045209839655418
0.8315691434747642
0.7681191265151986
0.7357032767475348
0.802493207541476
0.8445405938563922
0.765875968825436
0.7045627829824552
0.8155656773333303
0.9281532469423744
0.674312464064984
2.4219666991295204e-14
-0.6743124640649701
-0.9281532469423853
-0.8155656773332872
-0.7045627829823564
-0.7658759688254683
-0.8445405938564965
-0.8024932075416176
-0.7357032767475693
-0.7681191265151383
-0.8315691434747458
-0.8045209839655965
-0.7384268265024589
-0.7625463577544465
-0.838218734837857
-0.8150881869640483
-0.7172500634581714
-0.7422879977536859
-0.8983392656601973
-0.8580541525181657
-0.3573504107070442
0.3851351806625316
0.8680766787717279
0.8930999622870642
0.7375371798653058
0.7200478935557769
0.8185160826595507
0.8363219882208273
0.7596127986847934
0.7398740106201249
0.8073199714552612
0.8303769491915822
0.7651960411244341
0.7367453764309364
0.8058443695642765
0.8435787826514691
0.7615435249936735
0.7055101043886929
0.8224465073911621
0.9270842775027327
0.6538745388279277
-0.030673263552398904
-0.6939995713964473
-0.9285861895025783
-0.8087230553815865
-0.7039455700533189
-0.7702304070895489
-0.8452677399866979
-0.7990987027851864
-0.7348545200455447
-0.7711010695836706
-0.8325853888590284
-0.8016453058872728
-0.7371538499974615
-0.7655832311218889
-0.8399273308607582
-0.8115085463667802
-0.7146788227314266
-0.7473061683384122
-0.9032569046596085
-0.8472162759576264
-0.3291320828907581
0.4124546353895883
0.8772890906030324
0.8875678634302593
0.733065780761601
0.7230586220727278
0.8217811775393162
0.8342456170289643
0.7567928899849183
0.7414894352551328
0.8100319532292862
0.8290131632878431
0.7623428601090954
0.7379777864759292
0.8091393680470071
0.8423836916988143
0.7572496069987608
0.7067898142184607
0.8293405468656416
0.9253579409624861
0.6327017646997027
-0.06130843068788856
-0.7129214734028227
-0.9284054442515359
-0.8019429025200353
-0.7036550798624854
-0.7745904395284283
-0.8457596911978663
-0.7956737477990169
-0.7342014231686478
-0.7741306352337759
-0.8334219722590535
-0.7987035473025441
-0.7360604323943805
-0.7687126487307265
-0.8414398655972323
-0.8077888868071537
-0.7123472606081332
-0.752578444164396
-0.9078241494205667
-0.8355594038752836
-0.30051290182770973
0.43927803241190444
0.8856981891594463
0.8817719024093288
0.7288846700436504
0.7262680102097415
0.8248731166760339
0.8319987280711643
0.7540964995154587
0.7432665407571171
0.8126469455498394
0.8274827719607438
0.759570401842844
0.7393967661869203
0.8123654997504067
0.8409575647687391
0.7530108223798545
0.7084030608789529
0.8362221157351484
0.9229539585758811
0.6108116650077152
-0.09186748901333673
-0.731065387541224
-0.9276342843780404
-0.7952486882382785
-0.7036868495908537
-0.7789398510213281
-0.8460167673250886
-0.792231260947789
-0.7337455819962037
-0.7771964404647714
-0.8340758377949264
-0.7957065757318741
-0.7351512880016142
-0.7719234424462544
-0.8427490763709101
-0.8039415707553389
-0.710267811967802
-0.7580904150799299
-0.9120124839931486
-0.8230815032750469
-0.27152644929181236
0.465575709176681
0.8933123116654298
0.8757410028741314
0.7250035092697674
0.7296613262556012
0.8277822744812524
0.8295909726801546
0.7515329944828004
0.7451982001618441
0.8151553312983553
0.8257913728419113
0.7568892171580714
0.7409978769869453
0.815510224753044
0.8393035041590803
0.748843798939102
0.7103498385598717
0.8430649114635383
0.9198531734243868
0.5882232861688523
-0.12231259396812674
-0.7484201553733315
-0.9262968505518094
-0.7886630394591803
-0.7040353709085004
-0.7832626643952013
-0.8460401292725607
-0.7887841408065503
-0.7334878687755124
-0.7802869952959758
-0.8345445974987904
-0.7926654776633715
-0.7344304751244083
-0.775204083528001
-0.8438483792364361
-0.7999795612711336
-0.7084522061123517
-0.7638265304292258
-0.915793681323953
-0.8097821709952198
-0.24220711186523525
0.4913191453048721
0.9001412985534067
0.8695040054022364
0.7214307439694876
0.733223401413377
0.8304997803751443
0.8270325088541403
0.7491112108852355
0.7472767463309739
0.8175478938798864
0.8239451553613937
0.7543095509709842
0.7427759950846552
0.8185612119258611
0.8374254678831816
0.7447651281786947
0.7126289677128353
0.8498420701159077
0.9160376083164934
0.5649571625964338
-0.1526061521939707
-0.7649762577065341
-0.9244180825606325
-0.7822076923046917
-0.7046941242843416
-0.7875431918982133
-0.845831767648688
-0.7853452208483885
-0.7334284319735087
-0.7833907439799596
-0.8348265396800727
-0.7895915192578247
-0.7339013792702097
-0.7785427215455115
-0.8447318976093102
-0.7959163837121166
-0.7069114171151014
-0.7697701247341996
-0.9191398781236721
-0.7956626473315953
-0.21259000651138463
0.5164810219084566
0.9061964570129813
0.8630895949876419
0.7181735992209408
0.7369386863388043
0.8330175417181206
0.824333961937396
0.7468394249390182
0.7494940008933869
0.81981584968916
0.8219508790265535
0.7518413048841753
0.7447253265751439
0.8215063839809272
0.8353282639477552
0.7407913082140449
0.7152380787770777
0.8565262296165461
0.9114905210698112
0.5410352778197624
-0.18271090425847675
-0.780725825615448
-0.9220236494156405
-0.775903446816494
-0.7056556159111631
-0.7917660851914866
-0.8453944886997292
-0.7819272246187547
-0.7335666986407451
-0.7864961063642728
-0.8349206349206351
-0.786496106364338
-0.7335666986408107
-0.7819272246186023
-0.8453944886995711
-0.7917660851914804
-0.705655615911153
-0.7759034468166159
-0.9220236494156632
-0.7807258256154413
-0.182710904258561
0.5410352778198546
0.9114905210698152
0.8565262296164391
0.7152380787770297
0.7407913082140213
0.8353282639478888
0.8215063839811089
0.744725326575126
0.75184130488412
0.8219508790265356
0.8198158496892075
0.7494940008934785
0.7468394249389301
0.8243339619372643
0.8330175417180297
0.7369386863387097
0.7181735992210758
0.8630895949877057
0.9061964570130122
0.5164810219085236
-0.21259000651149362
-0.7956626473316091
-0.9191398781235958
-0.7697701247341606
-0.7069114171150256
-0.7959163837121694
-0.8447318976094371
-0.7785427215455902
-0.7339013792702104
-0.7895915192578002
-0.8348265396800767
-0.7833907439800483
-0.7334284319734964
-0.7853452208482761
-0.8458317676485317
-0.7875431918980826
-0.7046941242844696
-0.7822076923047628
-0.9244180825606524
-0.7649762577065755
-0.1526061521938604
0.564957162596445
0.9160376083164934
0.8498420701158367
0.7126289677127248
0.7447651281786702
0.8374254678833015
0.8185612119260706
0.7427759950847196
0.7543095509709721
0.8239451553613181
0.8175478938799063
0.7472767463310084
0.7491112108851603
0.8270325088539947
0.8304997803750594
0.7332234014134601
0.7214307439695553
0.8695040054022541
0.900141298553434
0.4913191453048325
-0.242207111865241
-0.8097821709952283
-0.915793681323924
-0.7638265304291034
-0.7084522061122316
-0.7999795612712326
-0.8438483792366352
-0.7752040835281055
-0.7344304751244032
-0.7926654776632879
-0.8345445974987937
-0.78028699529604
-0.7334878687754803
-0.788784140806454
-0.8460401292724391
-0.7832626643952094
-0.7040353709085415
-0.7886630394592151
-0.9262968505518765
-0.7484201553733176
-0.12231259396807277
0.5882232861688678
0.9198531734243875
0.8430649114634274
0.7103498385597351
0.7488437989391646
0.8393035041592258
0.8155102247531733
0.7409978769870352
0.7568892171579777
0.8257913728418693
0.815155331298371
0.7451982001618478
0.7515329944827606
0.8295909726800218
0.8277822744811748
0.7296613262555961
0.7250035092698147
0.8757410028741797
0.8933123116654217
0.4655757091766396
-0.2715264492917309
-0.8230815032750447
-0.9120124839931197
-0.7580904150798116
-0.7102678119678225
-0.8039415707553667
-0.8427490763710399
-0.7719234424464179
-0.7351512880015396
-0.7957065757318024
-0.8340758377949313
-0.7771964404648444
-0.7337455819962408
-0.7922312609476716
-0.8460167673249408
-0.7789398510213073
-0.7036868495908947
-0.7952486882383483
-0.9276342843780548
-0.7310653875412088
-0.09186748901342277
0.610811665007745
0.9229539585759345
0.8362221157350358
0.7084030608789362
0.7530108223798001
0.840957564768842
0.8123654997506132
0.739396766186889
0.7595704018427802
0.8274827719607296
0.8126469455499004
0.7432665407571907
0.7540964995153521
0.8319987280710314
0.8248731166759389
0.7262680102097924
0.7288846700437205
0.8817719024093815
0.8856981891594276
0.4392780324119023
-0.3005129018277162
-0.8355594038753302
-0.9078241494204937
-0.7525784441643234
-0.7123472606080195
-0.8077888868072329
-0.8414398655973855
-0.7687126487308604
-0.7360604323943805
-0.7987035473024926
-0.8334219722590654
-0.7741306352338482
-0.7342014231686169
-0.7956737477989008
-0.8457596911977472
-0.7745904395284501
-0.7036550798625786
-0.801942902520122
-0.9284054442514927
-0.712921473402809
-0.06130843068783393
0.6327017646996955
0.9253579409624789
0.8293405468656105
0.7067898142183567
0.7572496069987933
0.8423836916989439
0.8091393680471338
0.7379777864760024
0.7623428601089908
0.8290131632877977
0.8100319532293088
0.7414894352551313
0.7567928899848236
0.8342456170287987
0.8217811775392436
0.7230586220727748
0.7330657807616889
0.8875678634302852
0.8772890906030503
0.41245463538958
-0.3291320828907222
-0.8472162759575976
-0.9032569046595734
-0.7473061683382888
-0.7146788227313605
-0.8115085463668629
-0.8399273308608896
-0.7655832311220415
-0.7371538499974265
-0.8016453058872295
-0.8325853888590505
-0.7711010695837418
-0.7348545200455288
-0.7990987027850938
-0.8452677399865257
-0.7702304070895776
-0.7039455700533696
-0.8087230553816226
-0.9285861895025878
-0.693999571396371
-0.030673263552389564
0.6538745388279068
0.9270842775027278
0.8224465073910465
0.7055101043886832
0.7615435249936676
0.8435787826515966
0.8058443695644015
0.7367453764309414
0.7651960411243394
0.830376949191571
0.8073199714552842
0.7398740106202001
0.7596127986847148
0.8363219882206642
0.8185160826594825
0.7200478935558358
0.7375371798653922
0.8930999622871574
0.868076678771687
0.3851351806625658
-0.3573504107070489
-0.8580541525181543
-0.8983392656601551
-0.7422879977536497
-0.7172500634581591
-0.8150881869641121
-0.8382187348380339
-0.7625463577545311
-0.7384268265024364
-0.8045209839655728
-0.8315691434747718
-0.768119126515195
-0.7357032767475681
-0.8024932075414181
-0.8445405938563636
-0.7658759688254274
-0.70456278298241
-0.8155656773333768
-0.9281532469423383
-0.6743124640649801
7.906521415456053e-14
0.6743124640649971
0.9281532469423187
0.8155656773332945
0.7045627829823196
0.7658759688254416
0.8445405938565093
0.8024932075415716
0.7357032767475977
0.768119126515129
0.8315691434747482
0.8045209839656343
0.738426826502467
0.7625463577544281
0.8382187348378634
0.8150881869640278
0.7172500634582117
0.7422879977537488
0.898339265660205
0.8580541525181495
0.3573504107070269
-0.3851351806625876
-0.8680766787716905
-0.8930999622871046
-0.7375371798652928
-0.7200478935557874
-0.8185160826595722
-0.836321988220835
-0.7596127986848125
-0.7398740106201652
-0.8073199714552248
-0.8303769491915982
-0.7651960411244041
-0.736745376430906
-0.8058443695642451
-0.8435787826514546
-0.7615435249936591
-0.7055101043887756
-0.8224465073911268
-0.927084277502745
-0.6538745388278892
0.030673263552412528
0.6939995713963873
0.9285861895025661
0.8087230553815381
0.7039455700532811
0.7702304070895976
0.8452677399866748
0.7990987027852444
0.7348545200455527
0.7711010695836749
0.8325853888590308
0.8016453058872927
0.7371538499974529
0.7655832311219336
0.8399273308607196
0.8115085463667845
0.7146788227314174
0.7473061683383873
0.9032569046596206
0.8472162759575916
0.3291320828907
-0.41245463538960164
-0.8772890906030522
-0.88756786343023
-0.7330657807615891
-0.7230586220727311
-0.8217811775393387
-0.8342456170289696
-0.7567928899849157
-0.7414894352550928
-0.8100319532292511
-0.8290131632878287
-0.762342860109054
-0.7379777864759612
-0.8091393680469746
-0.8423836916988057
-0.7572496069987905
-0.7067898142184506
-0.8293405468656885
-0.9253579409624938
-0.6327017646996772
0.06130843068785688
0.7129214734028247
0.9284054442514685
0.8019429025200357
0.7036550798624925
0.7745904395284761
0.8457596911978994
0.795673747799048
0.7342014231686353
0.7741306352337805
0.8334219722590497
0.7987035473025572
0.7360604323944024
0.7687126487307475
0.8414398655972165
0.8077888868071601
0.7123472606080802
0.7525784441644211
0.9078241494205382
0.8355594038753227
0.30051290182769386
-0.4392780324119236
-0.8856981891594278
-0.8817719024093236
-0.7288846700436334
-0.7262680102097029
-0.8248731166760394
-0.8319987280711542
-0.7540964995154633
-0.7432665407571483
-0.8126469455498452
-0.8274827719607399
-0.7595704018428898
-0.7393967661868421
-0.8123654997504517
-0.8409575647687211
-0.7530108223798484
-0.7084030608790316
-0.8362221157351454
-0.9229539585759045
-0.6108116650077262
0.09186748901344569
0.7310653875412249
0.9276342843780777
0.7952486882382599
0.703686849590811
0.7789398510213748
0.8460167673251244
0.7922312609478152
0.7337455819962646
0.7771964404647257
0.8340758377949195
0.7957065757318682
0.7351512880015308
0.7719234424462627
0.8427490763708719
0.8039415707552997
0.7102678119678384
0.7580904150799046
0.9120124839931616
0.8230815032750514
0.27152644929175285
-0.46557570917666075
-0.8933123116654202
-0.8757410028740749
-0.7250035092696994
-0.7296613262555617
-0.8277822744812807
-0.8295909726801433
-0.7515329944828637
-0.745198200161802
-0.8151553312983556
-0.8257913728419337
-0.7568892171580373
-0.7409978769869825
-0.8155102247530602
-0.8393035041590855
-0.7488437989391732
-0.7103498385598316
-0.8430649114635366
-0.9198531734243568
-0.5882232861688486
0.12231259396814495
0.7484201553733332
0.9262968505518474
0.7886630394591252
0.7040353709085039
0.7832626643952132
0.8460401292725972
0.7887841408065939
0.7334878687755014
0.7802869952959213
0.8345445974987857
0.7926654776633066
0.7344304751244395
0.7752040835279829
0.8438483792364686
0.7999795612711468
0.7084522061123478
0.7638265304291991
0.9157936813239634
0.809782170995231
0.24220711186526406
-0.4913191453048532
-0.9001412985533965
-0.8695040054022338
-0.7214307439694557
-0.7332234014134308
-0.830499780375171
-0.8270325088542138
-0.7491112108852359
-0.7472767463309595
-0.8175478938798916
-0.8239451553613879
-0.7543095509710293
-0.7427759950846724
-0.8185612119258545
-0.8374254678831761
-0.7447651281786842
-0.7126289677127966
-0.8498420701158694
-0.9160376083165023
-0.5649571625964253
0.15260615219393184
0.7649762577065928
0.9244180825606207
0.7822076923046567
0.704694124284347
0.7875431918981263
0.8458317676486922
0.7853452208483678
0.7334284319734826
0.7833907439799799
0.8348265396800727
0.7895915192578189
0.7339013792702396
0.7785427215454629
0.8447318976093091
0.795916383712141
0.7069114171150973
0.769770124734255
0.9191398781236829
0.7956626473315882
0.21259000651147095
-0.5164810219085442
-0.9061964570129709
-0.8630895949876813
-0.7181735992209767
-0.7369386863387345
-0.8330175417181476
-0.8243339619374328
-0.7468394249389998
-0.7494940008934702
-0.8198158496891271
-0.8219508790265799
-0.7518413048841749
-0.7447253265750758
-0.8215063839808914
-0.8353282639477682
-0.7407913082139921
-0.7152380787771514
-0.8565262296165075
-0.9114905210698222
-0.5410352778198094
0.182710904258536
0.7807258256154532
0.922023649415629
0.7759034468165109
0.7056556159110321
0.7917660851915298
0.8453944886996991
0.7819272246187765
0.7335666986408079
0.7864961063642697
0.8349206349206351
0.7864961063643907
0.7335666986407479
0.7819272246186232
0.8453944886996012
0.7917660851914664
0.7056556159112382
0.7759034468165991
0.9220236494156242
0.7807258256154359
0.18271090425845396
-0.5410352778198075
-0.9114905210697879
-0.8565262296165298
-0.7152380787769792
-0.7407913082140745
-0.835328263947881
-0.8215063839810656
-0.7447253265752152
-0.7518413048840757
-0.8219508790265094
-0.8198158496892072
-0.7494940008934082
-0.7468394249389104
-0.8243339619372276
-0.8330175417180047
-0.7369386863387796
-0.7181735992211086
-0.8630895949876557
-0.9061964570130228
-0.5164810219084636
0.2125900065114073
0.7956626473315506
0.9191398781236383
0.7697701247341144
0.7069114171150298
0.7959163837121721
0.8447318976094057
0.7785427215457046
0.7339013792702019
0.789591519257806
0.8348265396800794
0.783390743980037
0.7334284319734888
0.7853452208482967
0.8458317676484945
0.7875431918981697
0.7046941242844653
0.7822076923047476
0.9244180825606138
0.7649762577065213
0.15260615219389925
-0.5649571625963744
-0.9160376083165394
-0.8498420701158371
-0.7126289677127634
-0.7447651281786334
-0.8374254678832712
-0.8185612119260552
-0.7427759950847023
-0.7543095509709271
-0.8239451553613486
-0.817547893879906
-0.7472767463310515
-0.7491112108851599
-0.8270325088539706
-0.8304997803750693
-0.7332234014134991
-0.7214307439695391
-0.8695040054022996
-0.9001412985534442
-0.4913191453049077
0.24220711186520108
0.8097821709952728
0.915793681323964
0.7638265304291301
0.7084522061122388
0.7999795612711804
0.8438483792366733
0.7752040835281238
0.7344304751243953
0.7926654776633446
0.8345445974987992
0.7802869952960348
0.7334878687754913
0.7887841408063654
0.8460401292724361
0.7832626643951238
0.7040353709084926
0.7886630394592529
0.9262968505518384
0.7484201553733735
0.12231259396799775
-0.5882232861689279
-0.9198531734243758
-0.8430649114634293
-0.7103498385596999
-0.7488437989391357
-0.8393035041592455
-0.8155102247531572
-0.7409978769870067
-0.756889217158
-0.8257913728418768
-0.8151553312983656
-0.74519820016189
-0.7515329944827192
-0.8295909726800629
-0.8277822744811132
-0.7296613262555924
-0.7250035092698675
-0.8757410028742361
-0.8933123116654539
-0.4655757091766033
0.27152644929183484
0.8230815032750404
0.9120124839931067
0.7580904150797837
0.7102678119678305
0.8039415707553836
0.8427490763710781
0.7719234424463726
0.7351512880016069
0.7957065757317684
0.8340758377949382
0.7771964404648396
0.7337455819961798
0.7922312609476715
0.8460167673248996
0.7789398510212606
0.7036868495909794
0.7952486882383668
0.9276342843781209
0.7310653875411519
0.09186748901336364
-0.610811665007734
-0.9229539585758683
-0.8362221157349875
-0.7084030608789046
-0.7530108223798517
-0.8409575647688599
-0.8123654997506187
-0.7393967661869469
-0.7595704018427942
-0.8274827719607335
-0.8126469455499339
-0.7432665407571593
-0.7540964995153945
-0.8319987280710113
-0.8248731166759149
-0.7262680102098229
-0.7288846700437376
-0.8817719024093936
-0.8856981891594065
-0.4392780324118423
0.30051290182777507
0.8355594038752874
0.9078241494204569
0.7525784441643477
0.7123472606080229
0.8077888868072509
0.8414398655974102
0.76871264873078
0.7360604323943457
0.7987035473024521
0.8334219722590636
0.7741306352338033
0.7342014231686559
0.7956737477988729
0.8457596911977162
0.7745904395284402
0.7036550798626175
0.8019429025201398
0.9284054442515559
0.7129214734028111
0.061308430687865616
-0.63270176469963
-0.9253579409623767
-0.829340546865647
-0.7067898142183668
-0.7572496069988002
-0.8423836916989254
-0.8091393680471385
-0.7379777864759901
-0.7623428601090425
-0.8290131632878016
-0.8100319532293496
-0.741489435255186
-0.7567928899848704
-0.8342456170287318
-0.821781177539221
-0.7230586220728151
-0.7330657807616207
-0.8875678634302794
-0.8772890906030308
-0.41245463538953053
0.32913208289063933
0.8472162759577085
0.9032569046596142
0.7473061683383159
0.7146788227313637
0.8115085463667971
0.8399273308609595
0.7655832311220541
0.7371538499973902
0.8016453058872357
0.8325853888590364
0.7711010695837777
0.7348545200455471
0.799098702785007
0.8452677399865723
0.770230407089609
0.7039455700533155
0.8087230553816515
0.9285861895025522
0.6939995713964311
0.03067326355247824
-0.6538745388280476
-0.9270842775027612
-0.8224465073910822
-0.7055101043886458
-0.7615435249936476
-0.8435787826516642
-0.8058443695644331
-0.736745376430927
-0.7651960411243577
-0.8303769491915526
-0.8073199714553146
-0.7398740106201688
-0.7596127986846269
-0.8363219882206564
-0.8185160826594986
-0.7200478935556879
-0.7375371798654538
-0.8930999622871166
-0.8680766787717246
-0.3851351806626464
0.35735041070716533
0.8580541525181705
0.8983392656600988
0.7422879977536229
0.7172500634580314
0.8150881869641703
0.8382187348379828
0.7625463577545415
0.7384268265024725
0.8045209839655283
0.8315691434747837
0.7681191265152413
0.7357032767474947
0.802493207541513
0.8445405938563642
0.7658759688253782
0.7045627829824923
0.8155656773333967
0.9281532469423579
0.674312464065042
-1.0403249598108081e-13
-0.6743124640649915
-0.9281532469423532
-0.8155656773332178
-0.704562782982355
-0.76587596882545
-0.844540593856543
-0.8024932075416575
-0.7357032767475672
-0.7681191265150719
-0.8315691434747345
-0.8045209839655344
-0.7384268265025047
-0.7625463577544408
-0.8382187348378557
-0.8150881869640231
-0.7172500634582086
-0.742287997753727
-0.898339265660217
-0.8580541525181963
-0.35735041070705204
0.38513518066256364
0.8680766787716575
0.8930999622870605
0.7375371798652649
0.7200478935557907
0.818516082659617
0.8363219882208993
0.759612798684798
0.7398740106201117
0.8073199714552729
0.8303769491915951
0.7651960411244504
0.7367453764309405
0.8058443695642412
0.8435787826514345
0.7615435249936515
0.7055101043886969
0.8224465073911422
0.9270842775027597
0.6538745388278966
-0.030673263552481605
-0.6939995713963835
-0.928586189502548
-0.808723055381573
-0.7039455700532888
-0.7702304070896067
-0.8452677399867022
-0.7990987027851498
-0.734854520045553
-0.7711010695836287
-0.8325853888590332
-0.8016453058872415
-0.7371538499975046
-0.7655832311218973
-0.8399273308607476
-0.8115085463667651
-0.7146788227314582
-0.7473061683384133
-0.9032569046596527
-0.8472162759575772
-0.32913208289072615
0.41245463538952226
0.8772890906029941
0.8875678634303229
0.7330657807616087
0.7230586220728353
0.8217811775392849
0.8342456170289775
0.7567928899849452
0.7414894352551268
0.8100319532292615
0.8290131632878497
0.7623428601091116
0.73797778647596
0.809139368046891
0.8423836916987737
0.7572496069987368
0.7067898142184872
0.8293405468656572
0.9253579409624615
0.6327017646996564
-0.06130843068776836
-0.712921473402828
-0.9284054442515588
-0.8019429025200236
-0.7036550798624994
-0.7745904395283794
-0.8457596911978489
-0.7956737477991019
-0.7342014231686148
-0.774130635233805
-0.8334219722590612
-0.7987035473026047
-0.7360604323944213
-0.7687126487306584
-0.8414398655972619
-0.8077888868071803
-0.7123472606081213
-0.7525784441644275
-0.9078241494204977
-0.8355594038753101
-0.30051290182777773
0.4392780324119138
0.8856981891595042
0.8817719024093639
0.7288846700435674
0.726268010209764
0.8248731166760259
0.8319987280711921
0.7540964995155007
0.7432665407571073
0.812646945549806
0.8274827719607634
0.7595704018427608
0.7393967661868522
0.8123654997504183
0.8409575647687252
0.7530108223798679
0.7084030608790204
0.8362221157351082
0.9229539585759596
0.6108116650077223
-0.09186748901335741
-0.7310653875412246
-0.9276342843780161
-0.7952486882382253
-0.7036868495907715
-0.7789398510213456
-0.8460167673251039
-0.7922312609479034
-0.7337455819962421
-0.7771964404647713
-0.8340758377949115
-0.7957065757318529
-0.735151288001564
-0.771923442446321
-0.8427490763708653
-0.8039415707553726
-0.7102678119678348
-0.7580904150798865
-0.9120124839931214
-0.8230815032750504
-0.2715264492917488
0.4655757091766406
0.8933123116654429
0.8757410028740752
0.7250035092696995
0.7296613262556083
0.8277822744813055
0.8295909726802146
0.7515329944828224
0.7451982001617462
0.8151553312983288
0.8257913728418756
0.7568892171580826
0.7409978769869907
0.8155102247530541
0.8393035041590617
0.7488437989391674
0.7103498385598197
0.8430649114635502
0.9198531734244502
0.5882232861688048
-0.12231259396811384
-0.7484201553733315
-0.9262968505518238
-0.7886630394591059
-0.7040353709085553
-0.7832626643952925
-0.8460401292726348
-0.7887841408065929
-0.7334878687754594
-0.780286995295986
-0.8345445974987866
-0.7926654776633489
-0.7344304751244399
-0.7752040835279894
-0.8438483792363862
-0.7999795612711307
-0.7084522061122481
-0.7638265304292221
-0.9157936813239955
-0.8097821709951663
-0.24220711186520152
0.49131914530483445
0.9001412985533912
0.8695040054021358
0.7214307439695199
0.7332234014134345
0.8304997803751651
0.8270325088541224
0.7491112108852146
0.7472767463309301
0.8175478938798992
0.8239451553613546
0.7543095509710868
0.7427759950846994
0.8185612119258479
0.8374254678831471
0.7447651281786791
0.7126289677128309
0.8498420701160081
0.916037608316419
0.5649571625964396
-0.15260615219399104
-0.7649762577065317
-0.9244180825606058
-0.7822076923047366
-0.704694124284351
-0.787543191898139
-0.8458317676486963
-0.7853452208483656
-0.7334284319735797
-0.783390743979935
-0.8348265396800704
-0.7895915192578705
-0.733901379270153
-0.778542721545443
-0.8447318976092711
-0.7959163837120722
-0.7069114171152281
-0.7697701247342771
-0.9191398781236433
-0.7956626473316007
-0.21259000651141158
0.5164810219084705
0.9061964570129417
0.863089594987638
0.7181735992209046
0.7369386863387386
0.833017541718134
0.8243339619374789
0.7468394249390833
0.7494940008934267
0.8198158496891309
0.8219508790266106
0.7518413048841495
0.7447253265751096
0.821506383980956
0.8353282639477401
0.7407913082140838
0.715238078777098
0.8565262296164684
0.9114905210698153
0.5410352778197938
-0.1827109042585446
-0.7807258256154181
-0.9220236494157162
-0.7759034468164675
-0.7056556159111185
-0.7917660851914526
-0.8453944886997694
-0.781927224618786
-0.7335666986408343
-0.7864961063642255
-0.8349206349206351
-0.7864961063642065
-0.733566698640776
-0.7819272246186016
-0.8453944886996232
-0.7917660851914916
-0.7056556159111881
-0.7759034468165091
-0.9220236494156859
-0.7807258256154337
-0.1827109042584781
0.5410352778198483
0.9114905210697934
0.8565262296164057
0.7152380787769455
0.7407913082140366
0.835328263948
0.8215063839811354
0.7447253265751901
0.7518413048840432
0.8219508790265108
0.8198158496891954
0.7494940008935037
0.7468394249389395
0.8243339619372203
0.8330175417179786
0.7369386863387553
0.7181735992210041
0.8630895949877315
0.9061964570130113
0.5164810219084823
-0.21259000651149662
-0.7956626473316009
-0.9191398781236083
-0.7697701247340737
-0.7069114171149966
-0.7959163837122262
-0.8447318976094855
-0.7785427215456153
-0.7339013792701552
-0.7895915192577542
-0.8348265396800703
-0.7833907439800726
-0.7334284319735326
-0.785345220848291
-0.8458317676485522
-0.7875431918981172
-0.7046941242844278
-0.782207692304768
-0.9244180825607402
-0.7649762577065554
-0.1526061521939366
0.5649571625965365
0.9160376083164903
0.8498420701158883
0.7126289677127289
0.7447651281787255
0.8374254678832713
0.8185612119260617
0.7427759950846431
0.7543095509710155
0.8239451553613282
0.817547893879968
0.7472767463309589
0.7491112108850972
0.8270325088539221
0.8304997803750707
0.7332234014133527
0.7214307439696571
0.869504005402249
0.9001412985534747
0.49131914530487
-0.24220711186525612
-0.8097821709952262
-0.9157936813238499
-0.7638265304290477
-0.7084522061121978
-0.7999795612712355
-0.8438483792366589
-0.7752040835281173
-0.7344304751244379
-0.792665477663256
-0.834544597498803
-0.7802869952960896
-0.7334878687754937
-0.7887841408064679
-0.846040129272366
-0.7832626643951041
-0.7040353709086073
-0.7886630394593068
-0.9262968505518986
-0.7484201553733368
-0.1223125939679954
0.5882232861688993
0.9198531734243768
0.8430649114634156
0.71034983855969
0.7488437989390692
0.8393035041592402
0.815510224753195
0.740997876987124
0.7568892171579664
0.825791372841851
0.8151553312983637
0.74519820016186
0.7515329944826946
0.8295909726800385
0.8277822744811183
0.729661326255715
0.7250035092699451
0.8757410028741437
0.8933123116654406
0.4655757091765496
-0.27152644929175007
-0.8230815032749956
-0.9120124839931468
-0.7580904150798397
-0.7102678119677897
-0.8039415707554626
-0.8427490763710292
-0.7719234424464863
-0.7351512880015314
-0.7957065757318666
-0.8340758377949463
-0.7771964404648868
-0.7337455819961347
-0.792231260947619
-0.8460167673248351
-0.7789398510214001
-0.7036868495909351
-0.7952486882383478
-0.9276342843779877
-0.7310653875411487
-0.09186748901335225
0.6108116650076288
0.9229539585759539
0.8362221157350218
0.7084030608789024
0.7530108223798163
0.8409575647688559
0.8123654997505989
0.7393967661869569
0.7595704018427366
0.8274827719606854
0.812646945549852
0.7432665407571862
0.7540964995153872
0.8319987280710035
0.8248731166759651
0.7262680102098481
0.728884670043622
0.881771902409392
0.8856981891594191
0.43927803241197233
-0.3005129018276912
-0.8355594038753675
-0.9078241494206051
-0.7525784441643225
-0.7123472606080816
-0.8077888868071241
-0.8414398655974804
-0.7687126487308126
-0.7360604323944122
-0.7987035473024591
-0.8334219722590857
-0.7741306352337778
-0.7342014231686418
-0.7956737477988121
-0.845759691197778
-0.7745904395283953
-0.7036550798625647
-0.8019429025200568
-0.9284054442515735
-0.7129214734028612
-0.06130843068788941
0.6327017646997464
0.9253579409624635
0.8293405468655034
0.7067898142183301
0.7572496069986923
0.8423836916990255
0.8091393680471987
0.737977786475958
0.7623428601089978
0.8290131632878457
0.8100319532293788
0.7414894352552747
0.7567928899847891
0.8342456170288182
0.821781177539174
0.7230586220727803
0.7330657807617127
0.8875678634303513
0.8772890906030597
0.4124546353896099
-0.3291320828908965
-0.8472162759576658
-0.9032569046596018
-0.7473061683382344
-0.7146788227313317
-0.8115085463668545
-0.8399273308609667
-0.7655832311219849
-0.737153849997428
-0.8016453058872034
-0.8325853888590323
-0.7711010695837336
-0.734854520045494
-0.799098702784986
-0.8452677399865037
-0.7702304070894803
-0.7039455700534687
-0.8087230553816684
-0.9285861895026667
-0.6939995713963505
-0.030673263552427218
0.6538745388279839
0.9270842775026158
0.8224465073911316
0.7055101043886114
0.7615435249937338
0.843578782651561
0.805844369564437
0.7367453764309412
0.7651960411244852
0.8303769491915388
0.8073199714554027
0.7398740106200717
0.7596127986846996
0.8363219882205382
0.8185160826595003
0.7200478935558146
0.737537179865467
0.8930999622870697
0.8680766787716513
0.38513518066245384
-0.357350410707027
-0.8580541525181313
-0.8983392656600868
-0.7422879977536758
-0.7172500634580785
-0.8150881869641529
-0.8382187348380411
-0.762546357754544
-0.7384268265024502
-0.8045209839654496
-0.8315691434747667
-0.7681191265152244
-0.735703276747574
-0.8024932075414772
-0.8445405938563382
-0.765875968825441
-0.704562782982504
-0.8155656773334131
-0.9281532469423984
-0.6743124640649569
